 N           7.0  -1.3453629135   0.0000000000   1.8662538723
 N           7.0   1.3453629135  -0.0000000000   1.8662538723
 C           6.0  -0.7261459501   0.0000000000   0.6416103089
 C           6.0   0.7261459501   0.0000000000   0.6416103089
 SE         34.0   0.0000000000   0.0000000000   3.0494980770
 C           6.0  -1.4293650812   0.0000000000  -0.5951622855
 C           6.0   1.4293650812   0.0000000000  -0.5951622855
 C           6.0  -0.7088954475   0.0000000000  -1.7867828738
 C           6.0   0.7088954475  -0.0000000000  -1.7867828738
 BR         35.0  -3.3215659090   0.0000000000  -0.6025911912
 BR         35.0   3.3215659090  -0.0000000000  -0.6025911912
 H           1.0  -1.2448330516   0.0000000000  -2.7374292040
 H           1.0   1.2448330516   0.0000000000  -2.7374292040
